(-8, 0)
(16, 0)
(8, 0)
(5, 13)
(-5, 13)
(13, 13)
(-13, 13)
(3, 6)
(-3, 6)
(11, 6)
(3, -6)
(-3, -6)
(-11, 6)
(11, -6)
(-11, -6)
(19, 6)
(19, -6)
(6, 12)
(-6, 12)
(14, 12)
(-14, 12)
(6, -12)
(-6, -12)
(4, 5)
(-4, 5)
(12, 5)
(4, -5)
(-4, -5)
(12, -5)
(-12, 5)
(-12, -5)
(20, 5)
(20, -5)
(7, 11)
(-7, 11)
(15, 11)
(7, -11)
(-7, -11)
(-15, 11)
(5, 4)
(-5, 4)
(5, -4)
(13, 4)
(-5, -4)
(13, -4)
(-13, 4)
(-13, -4)
(8, 10)
(0, 10)
(-8, 10)
(16, 10)
(0, -10)
(8, -10)
(-8, -10)
(16, -10)
(6, 3)
(-6, 3)
(6, -3)
(-6, -3)
(14, 3)
(14, -3)
(-14, 3)
(-14, -3)
(9, 9)
(1, 9)
(-1, 9)
(-9, 9)
(17, 9)
(-1, -9)
(1, -9)
(9, -9)
(-9, -9)
(17, -9)
(7, 2)
(-7, 2)
(7, -2)
(-7, -2)
(15, 2)
(15, -2)
(-15, 2)
(-15, -2)
(2, 8)
(10, 8)
(-2, 8)
(-10, 8)
(-2, -8)
(2, -8)
(10, -8)
(18, 8)
(-10, -8)
(18, -8)
(0, 1)
(8, 1)
(0, -1)
(8, -1)
(-8, 1)
(-8, -1)
(16, 1)
(16, -1)
(5, 14)
(-5, 14)
(13, 14)
(-13, 14)
(3, 7)
(-3, 7)
(11, 7)
(3, -7)
(-3, -7)
(-11, 7)
(11, -7)
(-11, -7)
(19, 7)
(19, -7)
(1, 0)
(-1, 0)
(9, 0)
(-9, 0)
(17, 0)
(6, 13)
(-6, 13)
(14, 13)
(-14, 13)
(4, 6)
(-4, 6)
(12, 6)
(4, -6)
(-4, -6)
(12, -6)
(-12, 6)
(-12, -6)
(20, 6)
(20, -6)
(7, 12)
(-7, 12)
(15, 12)
(-15, 12)
(7, -12)
(-7, -12)
(5, 5)
(-5, 5)
(13, 5)
(5, -5)
(-5, -5)
(13, -5)
(-13, 5)
(-13, -5)
(8, 11)
(0, 11)
(-8, 11)
(16, 11)
(0, -11)
(8, -11)
(-8, -11)
(6, 4)
(-6, 4)
(6, -4)
(14, 4)
(-6, -4)
(14, -4)
(-14, 4)
(-14, -4)
(9, 10)
(1, 10)
(-1, 10)
(-9, 10)
(17, 10)
(-1, -10)
(1, -10)
(9, -10)
(-9, -10)
(17, -10)
(7, 3)
(-7, 3)
(7, -3)
(-7, -3)
(15, 3)
(15, -3)
(-15, 3)
(-15, -3)
(2, 9)
(10, 9)
(-2, 9)
(-10, 9)
(-2, -9)
(2, -9)
(10, -9)
(18, 9)
(-10, -9)
(18, -9)
(16, 2)
(16, -2)
(0, 2)
(8, 2)
(0, -2)
(8, -2)
(-8, 2)
(-8, -2)
(-3, -8)
(-11, 8)
(3, -8)
(3, 8)
(-3, 8)
(11, 8)
(11, -8)
(-11, -8)
(19, 8)
(19, -8)
(1, 1)
(-1, 1)
(9, 1)
(1, -1)
(-1, -1)
(9, -1)
(-9, 1)
(-9, -1)
(17, 1)
(17, -1)
(6, 14)
(-6, 14)
(14, 14)
(-14, 14)
(-4, -7)
(4, 7)
(-4, 7)
(12, 7)
(4, -7)
(-12, 7)
(12, -7)
(-12, -7)
(20, 7)
(20, -7)
(-2, 0)
(10, 0)
(2, 0)
(-10, 0)
(18, 0)
(7, 13)
(-7, 13)
(15, 13)
(-15, 13)
(5, 6)
(-5, 6)
(13, 6)
(5, -6)
(-5, -6)
(13, -6)
(-13, 6)
(-13, -6)
(8, 12)
(-8, 12)
(16, 12)
(0, 12)
(8, -12)
(-8, -12)
(0, -12)
(6, 5)
(-6, 5)
(6, -5)
(14, 5)
(-6, -5)
(14, -5)
(-14, 5)
(-14, -5)
(9, 11)
(1, 11)
(-1, 11)
(-9, 11)
(17, 11)
(1, -11)
(-1, -11)
(9, -11)
(-9, -11)
(7, 4)
(-7, 4)
(7, -4)
(-7, -4)
(15, 4)
(15, -4)
(-15, 4)
(-15, -4)
(2, 10)
(10, 10)
(-2, 10)
(-10, 10)
(18, 10)
(-2, -10)
(2, -10)
(10, -10)
(-10, -10)
(18, -10)
(0, 3)
(8, 3)
(0, -3)
(-8, 3)
(8, -3)
(-8, -3)
(16, 3)
(16, -3)
(3, 9)
(11, 9)
(-3, 9)
(-11, 9)
(-3, -9)
(3, -9)
(11, -9)
(19, 9)
(-11, -9)
(19, -9)
(1, 2)
(-1, 2)
(9, 2)
(1, -2)
(-1, -2)
(9, -2)
(-9, 2)
(-9, -2)
(17, 2)
(17, -2)
(4, 8)
(-4, 8)
(12, 8)
(-4, -8)
(4, -8)
(-12, 8)
(12, -8)
(-12, -8)
(20, 8)
(20, -8)
(2, 1)
(-2, 1)
(2, -1)
(10, 1)
(-2, -1)
(10, -1)
(-10, 1)
(-10, -1)
(18, 1)
(18, -1)
(7, 14)
(-7, 14)
(15, 14)
(-15, 14)
(5, 7)
(-5, 7)
(13, 7)
(5, -7)
(-5, -7)
(13, -7)
(-13, 7)
(-13, -7)
(3, 0)
(-3, 0)
(11, 0)
(-11, 0)
(19, 0)
(8, 13)
(-8, 13)
(16, 13)
(0, 13)
(6, 6)
(-6, 6)
(14, 6)
(6, -6)
(-6, -6)
(14, -6)
(-14, 6)
(-14, -6)
(9, 12)
(1, 12)
(-1, 12)
(-9, 12)
(17, 12)
(1, -12)
(-1, -12)
(9, -12)
(-9, -12)
(7, 5)
(-7, 5)
(7, -5)
(15, 5)
(-7, -5)
(15, -5)
(-15, 5)
(-15, -5)
(10, 11)
(2, 11)
(-2, 11)
(-10, 11)
(18, 11)
(-2, -11)
(2, -11)
(10, -11)
(-10, -11)
(0, 4)
(8, 4)
(0, -4)
(-8, 4)
(8, -4)
(-8, -4)
(16, 4)
(16, -4)
(3, 10)
(11, 10)
(-3, 10)
(-11, 10)
(-3, -10)
(3, -10)
(11, -10)
(19, 10)
(-11, -10)
(19, -10)
(1, 3)
(-1, 3)
(9, 3)
(1, -3)
(-1, -3)
(9, -3)
(-9, 3)
(-9, -3)
(17, 3)
(17, -3)
(4, 9)
(-4, 9)
(12, 9)
(-4, -9)
(-12, 9)
(4, -9)
(12, -9)
(-12, -9)
(20, 9)
(20, -9)
(2, 2)
(-2, 2)
(10, 2)
(2, -2)
(-2, -2)
(10, -2)
(-10, 2)
(-10, -2)
(18, 2)
(18, -2)
(5, 8)
(-5, 8)
(13, 8)
(5, -8)
(-5, -8)
(-13, 8)
(13, -8)
(-13, -8)
(3, 1)
(-3, 1)
(3, -1)
(-3, -1)
(11, 1)
(11, -1)
(-11, 1)
(-11, -1)
(19, 1)
(19, -1)
(8, 14)
(-8, 14)
(16, 14)
(0, 14)
(6, -7)
(-6, -7)
(6, 7)
(-6, 7)
(14, 7)
(14, -7)
(-14, 7)
(-14, -7)
(-4, 0)
(12, 0)
(4, 0)
(-12, 0)
(20, 0)
(1, 13)
(9, 13)
(-1, 13)
(-9, 13)
(17, 13)
(7, 6)
(-7, 6)
(7, -6)
(15, 6)
(-7, -6)
(15, -6)
(-15, 6)
(-15, -6)
(2, 12)
(10, 12)
(-2, 12)
(-10, 12)
(18, 12)
(2, -12)
(-2, -12)
(10, -12)
(-10, -12)
(8, 5)
(0, 5)
(-8, 5)
(0, -5)
(8, -5)
(-8, -5)
(16, 5)
(16, -5)
(3, 11)
(11, 11)
(-3, 11)
(-11, 11)
(19, 11)
(3, -11)
(-3, -11)
(11, -11)
(-11, -11)
(1, 4)
(-1, 4)
(9, 4)
(1, -4)
(-1, -4)
(-9, 4)
(9, -4)
(-9, -4)
(17, 4)
(17, -4)
(4, 10)
(12, 10)
(-4, 10)
(-12, 10)
(4, -10)
(-4, -10)
(12, -10)
(20, 10)
(-12, -10)
(20, -10)
(2, 3)
(-2, 3)
(10, 3)
(2, -3)
(-2, -3)
(10, -3)
(-10, 3)
(-10, -3)
(18, 3)
(18, -3)
(5, 9)
(-5, 9)
(13, 9)
(5, -9)
(-5, -9)
(-13, 9)
(13, -9)
(-13, -9)
(3, 2)
(-3, 2)
(3, -2)
(11, 2)
(-3, -2)
(11, -2)
(-11, 2)
(-11, -2)
(19, 2)
(19, -2)
(6, 8)
(-6, 8)
(14, 8)
(6, -8)
(-6, -8)
(14, -8)
(-14, 8)
(-14, -8)
(4, 1)
(-4, 1)
(4, -1)
(-4, -1)
(12, 1)
(12, -1)
(-12, 1)
(-12, -1)
(20, 1)
(20, -1)
(9, 14)
(-9, 14)
(17, 14)
(1, 14)
(-1, 14)
(7, 7)
(-7, 7)
(7, -7)
(15, 7)
(-7, -7)
(15, -7)
(-15, 7)
(-15, -7)
(5, 0)
(-5, 0)
(13, 0)
(-13, 0)
(2, 13)
(10, 13)
(-2, 13)
(-10, 13)
(18, 13)
(8, 6)
(0, 6)
(-8, 6)
(0, -6)
(8, -6)
(16, 6)
(-8, -6)
(16, -6)
(3, 12)
(11, 12)
(-3, 12)
(-11, 12)
(19, 12)
(-3, -12)
(3, -12)
(11, -12)
(-11, -12)
(1, 5)
(-1, 5)
(9, 5)
(1, -5)
(-1, -5)
(-9, 5)
(9, -5)
(-9, -5)
(17, 5)
(17, -5)
(4, 11)
(12, 11)
(-4, 11)
(-12, 11)
(4, -11)
(-4, -11)
(12, -11)
(20, 11)
(2, 4)
(-2, 4)
(10, 4)
(2, -4)
(-2, -4)
(10, -4)
(-10, 4)
(-10, -4)
(18, 4)
(18, -4)
(5, 10)
(-5, 10)
(13, 10)
(-13, 10)
(5, -10)
(-5, -10)
(13, -10)
(-13, -10)
(-11, 3)
(-11, -3)
(3, 3)
(-3, 3)
(11, 3)
(3, -3)
(-3, -3)
(11, -3)
(19, 3)
(19, -3)
(6, 9)
(-6, 9)
(14, 9)
(6, -9)
(-6, -9)
(-14, 9)
(14, -9)
(-14, -9)
(4, 2)
(-4, 2)
(4, -2)
(12, 2)
(-4, -2)
(12, -2)
(-12, 2)
(-12, -2)
(20, 2)
(20, -2)
(7, -8)
(-7, -8)
(7, 8)
(-7, 8)
(15, 8)
(15, -8)
(-15, 8)
(-15, -8)
(5, 1)
(-5, 1)
(5, -1)
(-5, -1)
(13, 1)
(13, -1)
(-13, 1)
(-13, -1)
(2, 14)
(10, 14)
(-2, 14)
(-10, 14)
(18, 14)
(8, -7)
(16, 7)
(8, 7)
(0, 7)
(-8, 7)
(0, -7)
(-8, -7)
(16, -7)
(6, 0)
(-6, 0)
(14, 0)
(-14, 0)
(3, 13)
(11, 13)
(-3, 13)
(-11, 13)
(19, 13)
(1, 6)
(9, 6)
(-1, 6)
(-9, 6)
(1, -6)
(-1, -6)
(9, -6)
(-9, -6)
(17, 6)
(17, -6)
(4, 12)
(12, 12)
(-4, 12)
(-12, 12)
(20, 12)
(4, -12)
(-4, -12)
(12, -12)
(2, 5)
(-2, 5)
(10, 5)
(2, -5)
(-2, -5)
(-10, 5)
(10, -5)
(-10, -5)
(18, 5)
(18, -5)
(5, 11)
(13, 11)
(-5, 11)
(-13, 11)
(5, -11)
(-5, -11)
(13, -11)
(3, 4)
(-3, 4)
(11, 4)
(3, -4)
(-3, -4)
(11, -4)
(-11, 4)
(-11, -4)
(19, 4)
(19, -4)
(6, 10)
(-6, 10)
(14, 10)
(6, -10)
(-6, -10)
(-14, 10)
(14, -10)
(-14, -10)
(4, 3)
(-4, 3)
(4, -3)
(12, 3)
(-4, -3)
(12, -3)
(-12, 3)
(-12, -3)
(20, 3)
(20, -3)
(7, 9)
(-7, 9)
(15, 9)
(7, -9)
(-7, -9)
(15, -9)
(-15, 9)
(-15, -9)
(5, 2)
(-5, 2)
(5, -2)
(-5, -2)
(13, 2)
(13, -2)
(-13, 2)
(-13, -2)
(8, 8)
(0, 8)
(-8, 8)
(8, -8)
(16, 8)
(0, -8)
(-8, -8)
(16, -8)
(6, 1)
(6, -1)
(-6, 1)
(-6, -1)
(14, 1)
(14, -1)
(-14, 1)
(-14, -1)
(3, 14)
(11, 14)
(-3, 14)
(-11, 14)
(19, 14)
(1, 7)
(9, 7)
(-1, 7)
(-9, 7)
(1, -7)
(-1, -7)
(9, -7)
(17, 7)
(-9, -7)
(17, -7)
(7, 0)
(-7, 0)
(15, 0)
(-15, 0)
(4, 13)
(12, 13)
(-4, 13)
(-12, 13)
(20, 13)
(2, 6)
(-2, 6)
(10, 6)
(2, -6)
(-2, -6)
(-10, 6)
(10, -6)
(-10, -6)
(18, 6)
(18, -6)
(5, 12)
(13, 12)
(-5, 12)
(-13, 12)
(5, -12)
(-5, -12)
(13, -12)
(3, 5)
(-3, 5)
(11, 5)
(3, -5)
(-3, -5)
(11, -5)
(-11, 5)
(-11, -5)
(19, 5)
(19, -5)
(6, 11)
(-6, 11)
(14, 11)
(-14, 11)
(6, -11)
(-6, -11)
(4, 4)
(-4, 4)
(12, 4)
(4, -4)
(-4, -4)
(12, -4)
(-12, 4)
(-12, -4)
(20, 4)
(20, -4)
(7, 10)
(-7, 10)
(15, 10)
(7, -10)
(-7, -10)
(-15, 10)
(15, -10)
(-15, -10)
(5, 3)
(-5, 3)
(5, -3)
(13, 3)
(-5, -3)
(13, -3)
(-13, 3)
(-13, -3)
(8, 9)
(0, 9)
(-8, 9)
(16, 9)
(8, -9)
(-8, -9)
(0, -9)
(16, -9)
(6, 2)
(-6, 2)
(6, -2)
(-6, -2)
(14, 2)
(14, -2)
(-14, 2)
(-14, -2)
(1, 8)
(9, 8)
(-1, 8)
(-9, 8)
(-1, -8)
(9, -8)
(1, -8)
(17, 8)
(-9, -8)
(17, -8)
(15, 1)
(15, -1)
(7, 1)
(7, -1)
(-7, -1)
(-7, 1)
(4, 14)
(-4, 14)
(12, 14)
(-12, 14)
(-15, 1)
(-15, -1)
(20, 14)
(-2, -7)
(-10, 7)
(2, 7)
(10, 7)
(-2, 7)
(2, -7)
(10, -7)
(-10, -7)
(18, 7)
(18, -7)
(0, 0)